-1.6616 -5.0307
8.4792 8.3807
-8.2611 7.5508
-7.2337 2.5228
-7.637 4.6334
3.402 3.7491
0.34528 -6.2077
-1.2113 -3.6443
0.65835 2.417
-4.5626 -6.2267
8.2828 0.44813
0.47438 -2.9312
-0.25683 -3.1231
2.4832 -4.1738
-7.0687 1.9396
-0.40017 -4.9391
-7.6575 7.8448
-3.954 -6.4339
3.4598 3.0518
-1.9548 2.0819
2.3055 -0.72399
2.351 -0.67453
-5.4715 -0.46617
-2.7026 1.8271
6.527 2.8361
2.6615 -4.7145
5.7905 -2.8427
-1.1363 -8.144
-8.5377 8.5648
1.5029 -0.60107
0.035593 0.14684
0.38334 -5.3032
5.6667 -2.3131
4.2344 -3.1929
-1.9025 3.1804
4.1228 8.7871
2.5527 -4.111
8.1807 7.7647
-0.045435 2.9697
-7.2799 -3.7951
4.8373 6.6014
5.4601 3.7001
-2.9772 -3.8746
5.7559 -2.7761
9.882 5.3692
2.6425 12.372
-3.9593 -2.8535
3.2135 3.8993
3.8378 6.5926
-4.4861 -5.2693
1.7952 0.10833
-1.1245 -8.1367
-8.6067 8.6227
7.7252 7.9753
-3.4733 3.4769
-0.41462 -7.1624
-0.79891 1.8426
-7.7962 -3.0131
7.9702 -3.7224
-0.67133 4.3328
1.8157 4.4582
2.2029 -7.5791
0.81923 1.7353
3.8167 12.563
1.8478 3.0291
-2.7077 -3.2644
-1.9261 -0.27187
-0.66066 5.1446
-2.0323 6.344
-3.5755 4.6436
3.8455 12.607
-7.2798 4.5163
-0.2657 1.3827
3.6471 0.82654
-0.58423 3.751
-8.4787 -2.5015
-8.2506 -3.5364
-8.1953 4.7251
8.1033 8.1112
0.71605 3.2129
-6.1456 -0.84456
-0.83504 2.1381
-0.34028 -7.1938
-0.27667 -0.6523
3.1654 11.196
4.9005 6.635
6.0967 0.4601
-0.45758 2.4292
1.5897 1.4384
6.3116 4.9486
-0.63276 3.7592
4.0992 4.3579
0.76631 3.0884
-7.3283 -3.2659
-8.25 4.5486
-3.5506 -4.5048
1.4182 12.527
-0.89392 2.0591
5.6855 -2.5359
-2.2788 -1.3788
0.4294 -0.54705
-1.5981 1.1842
-2.7961 -2.1118
0.46103 -5.4638
5.7791 -2.7857
-3.4989 -0.16739
-7.7114 7.8446
6.1052 2.2876
6.0559 2.2168
0.49443 -4.7429
1.1267 12.49
-1.9809 -1.2187
-1.5945 -3.3099
0.36709 -4.6304
-1.2923 2.2217
8.1105 8.3023
-5.8226 -2.3491
-2.6248 -7.0897
8.0292 7.9919
0.066267 4.1562
1.3001 11.496
-4.6463 -1.975
-6.017 -1.0803
-1.514 -0.54726
-1.2113 3.2409
-2.4256 -5.5723
-4.926 -3.079
0.94241 2.6701
2.421 1.7613
-4.1914 2.7803
-3.4454 -0.12686
3.6419 6.7147
5.9058 0.26565
-8.138 -4.6684
-9.4524 3.8793
5.7874 -2.7094
-0.31413 -3.3377
-0.80468 1.8625
6.4745 2.6978
0.52343 2.8499
5.3446 10.525
-1.1779 -8.0408
6.6226 4.683
0.39313 1.3367
-1.1499 -8.1826
-1.5663 6.1115
-0.024202 -3.7124
0.60235 -4.3896
-2.7008 1.2917
4.1999 -0.064686
-0.13257 -3.846
0.34695 3.5451
-0.11578 3.5095
-0.34235 2.392
1.9995 2.7078
-2.5339 -6.4397
-3.3928 1.1911
-2.8313 7.5245
-8.4933 7.5704
1.1187 3.3347
7.0806 1.2602
1.7308 1.4449
2.4971 4.2013
-0.1256 0.73375
1.0826 11.556
0.31084 2.0868
-2.5104 4.2626
-9.2267 8.5263
-6.6624 7.4147
0.50011 12.974
-8.6508 7.2876
4.3429 -3.2594
-3.4311 -0.046988
-8.8867 -2.9794
7.278 0.9061
2.3685 -7.8392
-8.8441 -2.9773
-0.34378 -7.1643
4.2095 -0.019261
5.8835 0.17789
3.0239 12.956
4.3346 0.9575
-0.041246 6.4236
-7.0961 -3.7034
-4.2184 2.6826
8.5025 1.8764
2.1547 -7.8366
-6.461 0.7187
-4.2109 1.4363
-5.1873 -3.5301
-0.074723 -0.43108
-0.37768 1.4943
2.7767 2.5343
-3.0148 -3.5661
-8.1563 4.4143
-6.303 -3.2131
4.1597 5.0714
-1.1392 8.7083
1.4514 2.776
-8.1134 5.9636
1.0251 2.3837
-2.9006 -3.2923
-6.362 2.6435
-1.0988 -2.4278
-1.4214 2.3275
7.7266 1.9942
-9.3948 4.0811
8.6427 1.397
-9.6767 4.2856
-1.0181 2.8732
-7.223 7.6863
2.6446 -4.5461
2.6708 -7.685
6.3348 -1.1718
-1.4206 -3.4809
0.23011 0.51041
-0.42316 1.2484
-0.079694 11.618
6.5106 7.9027
2.4859 -4.2186
-0.40691 2.8542
0.54511 -1.7082
2.6902 -7.656
-1.5179 -1.4713
-1.4244 -1.5923
-1.9411 2.3265
-4.4359 10.478
-2.684 6.4962
-3.2562 -4.8248
-0.74756 1.7895
7.0663 -0.76857
-2.0679 3.164
-2.7267 -3.5965
5.0037 1.9083
1.6075 3.0689
-0.27859 -2.6848
6.3756 7.2767
1.2206 4.9271
-3.5518 -4.4844
-4.3955 -1.7018
1.9609 6.3244
2.2888 7.7848
-5.8691 6.6445
-2.5352 -5.6683
-2.1906 14.133
-2.9275 2.498
-4.4017 -1.6676
-7.452 -3.5326
-4.9745 7.58
-4.5354 -4.1647
5.6512 -0.17219
-0.1538 -4.8383
0.92036 2.4906
-1.8412 2.5398
-5.7092 -4.3723
3.1817 11.385
-1.4949 13.435
-0.35741 2.4081
-0.73869 0.72981
4.5296 1.3691
-2.7918 -2.0302
-1.3364 2.4012
-2.3919 3.265
-3.5631 -0.034169
-4.3224 2.7029
-6.815 -4.1756
-4.5239 -1.8544
0.58306 7.5615
0.4446 11.644
6.2137 11.082
-5.6426 3.6713
0.053299 5.0143
-6.2085 -4.3577
-1.5556 0.84916
-7.4855 7.7961
-0.11126 -4.6861
1.7742 12.063
1.8422 12.036
-4.9819 0.9986
-1.1713 8.9008
-0.47843 -3.2177
-2.0219 4.7698
-1.777 2.7187
0.24763 2.666
1.6777 2.7132
4.8133 1.9943
-6.9943 5.214
-7.1897 7.413
-0.50482 4.3345
-9.0235 8.8309
-5.4188 7.3469
-6.2556 -4.9397
-4.7981 -3.8701
-1.1941 13.596
1.0975 2.8725
5.1008 -1.5489
6.6359 4.7678
-6.3891 8.4716
0.37036 2.1284
6.5219 7.902
7.211 -2.1667
-7.71 -1.4121
-5.2681 5.2802
2.6367 -4.4357
-6.4906 -4.6266
-0.19089 3.2296
1.1729 5.9306
1.694 2.2039
0.42585 -4.5181
2.0156 7.5706
-4.2382 2.6664
-4.1621 -4.8464
-6.8384 5.1456
-5.7067 -3.2881
-6.547 0.60983
7.9709 -3.72
2.1319 12.062
0.57424 2.9943
0.63773 3.2121
-1.7588 -5.3823
-9.658 7.2819
3.1533 -6.5827
-8.5298 8.4073
-0.19203 -4.782
-8.029 -3.9745
-5.522 6.2923
-8.1975 5.1973
-2.5768 2.9368
-3.4967 7.8607
1.229 -0.04619
-1.139 1.2836
1.5238 11.277
-5.1835 7.6711
-5.6059 -5.3689
-4.8214 10.259
-1.9664 1.6028
1.6868 2.777
-7.4228 4.636
-1.8958 1.7906
-4.9321 -3.2099
-1.3026 1.2583
-5.5135 1.1729
5.3421 -1.2741
-8.5728 4.6026
-3.3432 -5.6623
-7.3702 0.62421
4.7822 5.1432
4.4432 2.7479
3.2327 -6.5393
-4.9856 8.2445
-8.4748 8.4608
-1.1617 3.2755
2.264 -7.8383
-9.0055 1.6165
1.8513 0.35876
-5.4041 2.5826
5.5555 -0.50058
-1.4985 3.6694
-7.0408 -2.461
2.6319 1.5349
-8.1853 4.0789
-1.9856 13.921
0.99022 12.333
-0.81569 11.723
-1.6171 4.1372
-2.8678 7.6067
-6.2171 -4.1289
-4.9422 11.363
-5.7488 2.426
0.79979 7.8112
-0.72689 2.2634
6.1956 5.3908
0.58301 12.534
-0.76056 10.061
2.3901 7.973
1.1602 1.4259
-0.11683 -2.5778
5.3012 10.632
-4.2748 1.1963
0.32856 -5.5187
1.2187 0.097642
1.5436 3.0167
8.0065 5.546
-1.6632 11.936
-7.6726 -1.2068
-0.23881 2.5015
1.5891 -3.1767
-7.3408 -3.2026
1.4179 -1.6298
1.7995 11.331
-6.2645 2.1619
4.7551 -1.676
1.4845 5.1145
8.2277 0.6332
-5.524 2.5757
-0.35507 4.0353
-1.2378 5.5819
-6.4486 -2.8812
-7.2081 4.5881
-2.4583 2.9602
-2.0329 -3.9958
-1.7735 -0.99386
2.6943 -2.1106
-2.3594 2.1842
-0.7899 13.824
-2.4916 9.2352
-6.4891 7.7368
1.1158 3.8539
1.1459 3.9907
-0.69993 10.173
-5.8647 8.2679
6.5215 5.2099
5.7249 3.1675
-1.621 13.647
-0.89345 6.1564
-0.099267 6.3435
-0.57836 4.2079
-2.3529 -1.5795
7.9365 7.8307
-3.5626 6.0638
-5.1142 11.493
1.4668 -3.112
5.3283 10.618
-2.8994 -3.4471
-0.064063 6.5389
1.1803 7.1977
-9.5981 7.263
6.0484 2.6334
3.0175 -2.2527
-5.9575 -0.92682
8.5862 -1.3313
3.4978 0.65675
2.5569 0.72411
2.6527 0.72608
2.7121 0.5121
0.88642 3.119
-0.69013 7.4368
-2.1604 0.26111
8.0031 5.5084
-6.9367 1.5917
0.26571 4.1682
3.9481 8.9181
-2.7199 6.6046
-6.3054 8.4494
1.1627 6.9888
8.0674 2.8394
1.9283 2.7324
10.759 1.4555
10.758 1.4545
2.7198 12.516
0.38402 1.4912
1.3322 13.263
-7.5234 4.8237
-0.53386 -4.1499
7.5625 1.2635
0.38881 2.2698
1.9674 4.4215
-5.3599 0.92791
1.2194 1.1931
-6.1785 -4.4328
1.3598 11.37
0.32507 1.9383
2.0508 1.365
-1.7266 11.991
-4.3171 -1.4379
-3.6633 7.9832
-9.8312 4.4605
-2.3638 -5.3723
-6.0745 -1.1202
-1.6581 7.3783
2.0517 2.7381
3.4384 5.1373
8.8437 0.64676
-1.5119 13.25
-2.3622 2.3601
-0.4789 0.3118
6.2783 2.6117
7.587 1.3379
0.71559 4.396
-3.923 10.105
-3.2837 1.7607
-6.3967 8.5095
1.5715 10.672
0.33222 5.1434
-1.7164 2.305
5.5684 -1.3997
0.3198 -5.2989
-7.0602 8.4537
1.5238 13.31
1.0209 0.76752
2.0352 1.7883
5.2447 3.6797
0.90207 4.5465
-2.4571 -5.3396
-4.9719 4.384
4.5208 2.4073
7.1675 3.4469
0.39131 3.1265
3.3334 6.9194
2.4451 -7.6664
7.148 3.4371
-2.5252 5.1324
-0.20725 4.1906
-1.3322 4.1702
3.3171 6.874
-8.2553 -3.5809
-2.7644 1.1475
-7.4529 0.56783
6.2078 11.084
3.1549 2.1804
-9.2447 9.5073
-0.68697 7.5728
-7.5661 -1.1852
-4.1488 -2.9921
6.5338 7.8442
-0.82017 6.0189
-0.79239 1.3632
-6.7568 1.9959
-3.0386 7.7037
-4.063 -6.4302
-5.3678 1.0357
-0.23333 -0.65681
1.2567 3.5142
6.056 1.0262
-2.3225 0.74331
-1.4664 13.2
-8.8361 1.7215
2.3526 -7.7197
0.94925 -3.1695
-5.2111 5.3204
5.1629 0.57055
-0.26223 11.52
3.8802 4.2231
-0.11384 1.4227
-6.5566 2.1132
-5.06 11.425
-7.7315 -1.1834
4.6173 5.1072
4.4106 1.7856
1.8118 3.2493
2.4035 -0.45334
6.5716 -0.63432
-0.64678 13.516
0.41454 7.4311
-1.7594 5.372
-4.728 11.032
-1.4954 -0.18326
4.8449 1.9025
1.3152 4.0493
-4.4549 3.9255
0.80855 1.4072
-1.014 6.86
1.7268 8.0812
6.1543 5.5219
0.85355 10.862
1.7238 2.3213
4.006 8.8816
5.6906 4.5383
9.9205 5.3735
9.9179 5.3775
2.5502 3.1257
-1.2892 0.052636
-1.4379 2.4857
2.1843 -7.9305
3.5136 1.4932
-4.9454 11.351
-5.5881 -2.9264
3.1335 1.3177
0.27317 4.736
1.1568 7.1105
-7.0458 8.3974
-0.80158 11.126
-0.027094 9.1576
1.3637 11.613
-2.1243 -4.7269
-3.908 0.87981
-2.1448 -1.4089
6.2772 2.5356
2.2167 4.3595
0.40289 9.1748
-2.0333 1.6244
0.46081 -1.7296
0.037728 2.345
4.8569 -1.1723
2.0599 3.5607
1.9549 4.1173
-1.6546 4.8589
-1.1609 1.4759
-1.1614 1.4831
-3.9506 6.814
-6.9677 -4.4078
6.5545 7.9485
7.1619 -0.15486
-7.7137 -1.505
5.421 10.718
-4.1624 5.5776
-4.9554 -4.062
-5.3071 0.84736
-4.3408 0.72658
-0.29328 -0.50622
1.6886 -3.0313
3.5001 11.098
-3.8468 9.9295
1.1602 0.87517
0.45142 2.9297
1.5554 3.667
2.6805 4.9553
7.9629 7.8316
-6.3579 -4.7314
-6.4353 7.828
-2.0225 13.399
-4.0516 5.431
-5.3248 5.3606
-0.73924 2.1886
1.3683 12.367
2.8864 -2.1958
7.4122 1.5795
1.7109 5.5749
-0.27994 5.3838
-2.1231 -1.3612
-5.4006 1.551
5.7869 4.5161
-9.2544 9.5582
1.3883 8.5912
-4.1577 -6.2019
-4.9585 8.2976
-8.3023 1.7873
9.8856 1.9949
7.5774 -1.1947
3.3586 5.4434
-4.9676 4.373
-2.5845 -1.5279
2.1233 2.3388
2.2645 7.8844
-0.77188 3.0721
7.4739 7.6369
-1.6297 3.8038
-9.1326 0.18851
-4.5153 6.4126
-1.6844 -5.7583
-3.4274 2.9058
-3.7163 4.7394
7.9625 1.1025
-2.3205 4.4859
0.91772 9.1208
8.6978 0.68631
3.0326 11.097
2.9701 4.4496
-7.8088 -4.4821
3.4913 -0.99797
-0.54404 3.6736
-3.0706 -1.5369
-6.6088 -3.7712
-3.0948 2.1931
-2.6896 -6.1704
-2.4899 -5.6152
-5.8261 -0.85405
9.2377 3.4648
3.9025 3.0833
-7.1961 0.68731
-2.5783 -5.9179
2.7498 3.5539
-1.714 4.8215
-3.2818 3.397
-1.7865 0.92399
-5.5694 3.6501
0.070442 9.1647
8.119 2.9985
-0.73098 10.097
-0.69332 13.724
-1.8836 13.383
1.0057 9.4369
0.86412 2.199
7.607 0.6543
-4.7643 -0.13784
1.4012 8.4359
-0.91147 4.8097
-7.3188 2.4493
3.6228 2.3995
4.2163 3.1283
-2.1217 -5.3189
-5.5166 -4.1655
1.5987 2.2971
9.2319 3.4665
-1.2236 5.4368
-2.4249 3.5489
-1.7268 2.5775
-8.5543 1.7246
-2.3832 3.4596
1.2767 13.827
0.59434 11.661
2.5716 3.1886
8.2672 3.0575
2.4896 2.4515
1.985 6.5118
1.8155 11.032
-1.3734 4.1998
-1.0031 4.5703
1.1058 4.8931
-6.8496 12.116
-7.4433 -5.0225
2.7102 5.9656
3.2994 3.3481
-0.96426 7.097
0.46829 3.5487
-0.8325 3.3786
0.050915 8.3533
-0.7114 10.044
3.2123 12.012
-9.4407 4.0962
-2.9664 0.75296
7.049 1.7528
3.6106 3.2525
1.6963 8.6081
-3.3671 -1.1857
-6.7157 2.3811
-7.1298 2.6615
-1.4319 -5.7027
1.0465 3.9997
2.6048 1.7982
-2.8164 5.6566
-7.5333 -0.75035
-6.4891 -4.2204
4.6062 3.7825
-1.4522 -5.7965
-2.1816 0.29854
2.0484 9.0873
0.38137 4.078
-1.0863 2.9509
1.3984 -1.4717
8.5547 -1.2924
-6.8502 3.1514
5.2174 -0.96489
3.2059 -0.1058
-7.0605 2.0904
2.0748 11.281
-9.4078 4.0716
-2.6945 5.5274
1.3144 13.409
3.3281 5.2184
0.38602 9.0663
-1.3635 8.4425
-1.21 3.4581
-6.6001 10.787
-3.9436 10.047
-0.51282 4.6002
4.96 1.7474
6.3315 -1.1888
0.045273 4.6268
-3.3692 3.3376
7.051 3.2622
6.0584 0.20214
0.68042 -0.40188
-7.6902 -5.4522
3.2463 9.1538
1.5083 -0.73179
-1.6905 7.5097
-6.521 -4.285
-3.3645 -1.1469
-2.1789 3.0986
2.7549 2.4194
4.759 6.5499
-7.5642 -4.47
-6.8471 12.123
-5.0191 11.269
1.4014 12.832
-1.6994 3.078
3.3321 -0.97412
6.7929 0.25469
-5.1515 -3.3972
-6.6024 10.803
3.1891 12.432
7.7297 3.8174
1.7721 5.6683
-3.4893 5.9446
4.0072 12.558
5.5952 5.8596
0.028941 4.0521
3.985 1.7688
-1.9949 3.4763
-1.232 8.9884
0.91022 9.4394
-2.0886 10.601
-0.076113 11.611
-0.22721 11.546
7.3418 1.2731
-3.6678 2.1355
1.8773 3.2186
-2.6969 2.4947
3.2348 -0.10302
2.8996 4.3372
2.5424 3.6758
2.7758 13.115
-1.9859 6.2025
-2.7008 3.5374
2.9632 10.001
-3.9149 0.94129
-4.4272 3.9085
-2.6366 4.4293
-2.606 6.2144
-6.5199 2.5219
4.9126 5.1789
-2.276 3.1254
-0.1572 5.7259
0.17757 8.3201
-5.0756 -3.4519
-3.3783 4.1227
0.40397 3.2768
-2.1202 4.4511
-1.9551 10.692
-5.9692 7.0311
-3.2665 4.8043
-1.6315 2.8358
4.302 3.7783
-7.7053 -5.4882
0.98503 2.1623
-5.4147 3.7171
-2.2719 3.1437
2.5467 3.2321
1.8318 2.8727
-1.1807 -0.21192
2.4899 3.1135
-2.4523 9.164
0.37328 3.5531
1.2925 12.347
0.65324 6.5686
0.6387 5.0988
2.1475 5.1055
0.60432 0.6228
-0.57137 3.3512
-2.4604 9.1775
0.76392 5.705
1.9393 3.539
2.2608 2.4338
0.66696 5.5991
-3.8415 9.9993
2.666 5.803
-3.0195 4.1494
-7.0945 -0.99908
3.2412 9.1555
6.9392 1.0727
4.1781 2.6137
-3.1349 2.7061
3.1295 2.596
-0.85856 5.0917
1.8996 9.0029
3.67 12.591
-2.5444 3.0952
-4.8565 -0.019382
8.5302 0.73416
-1.3461 3.7864
